[targetinfo]
ra = 241.64081124999998
dec = 40.90612222222222
pmra = -716.302
pmdec = 162.486
px = 63.4232
rv = -41159.0
epoch = 2451545.0

